map_test.wd
ncols        900
nrows        600
xllcorner    408137.933224999986
yllcorner    490822.791986999975
cellsize     8.000720000000
NODATA_value  -9999
[rows 161 to 183 of 600, columns 52 to 103 of 900]
0.66100001335144042969 0.71200001239776611328 0.77999997138977050781 0.84200000762939453125 0.86299997568130493164 0.84899997711181640625 0.83399999141693115234 0.84500002861022949219 0.86199998855590820312 0.85600000619888305664 0.86100000143051147461 0.87000000476837158203 0.86100000143051147461 0.84100002050399780273 0.79500001668930053711 0.70099997520446777344 0.59100002050399780273 0.50900000333786010742 0.46000000834465026855 0.43799999356269836426 0.46599999070167541504 0.51200002431869506836 0.51300001144409179688 0.49200001358985900879 0.47999998927116394043 0.46200001239776611328 0.42199999094009399414 0.36500000953674316406 0.29699999094009399414 0.21799999475479125977 0.10400000214576721191 0 0 0 0 0 0 0 0 0 0 0 0 0 0 0 0 0 0 0 0 0
0.63400000333786010742 0.66799998283386230469 0.73000001907348632812 0.80500000715255737305 0.84200000762939453125 0.84799998998641967773 0.84500002861022949219 0.83399999141693115234 0.82400000095367431641 0.82599997520446777344 0.83399999141693115234 0.83300000429153442383 0.85199999809265136719 0.87400001287460327148 0.83300000429153442383 0.71700000762939453125 0.57099997997283935547 0.45399999618530273438 0.38999998569488525391 0.3680000007152557373 0.3680000007152557373 0.38299998641014099121 0.41299998760223388672 0.43900001049041748047 0.44200000166893005371 0.42100000381469726562 0.3819999992847442627 0.33199998736381530762 0.26699998974800109863 0.20499999821186065674 0.11100000143051147461 0 0 0 0 0 0 0 0 0 0 0 0 0 0 0 0 0 0 0 0 0
0.59200000762939453125 0.62999999523162841797 0.69499999284744262695 0.77799999713897705078 0.84500002861022949219 0.86400002241134643555 0.84200000762939453125 0.81199997663497924805 0.79400002956390380859 0.79100000858306884766 0.79799997806549072266 0.80800002813339233398 0.83899998664855957031 0.88300001621246337891 0.86400002241134643555 0.74000000953674316406 0.56199997663497924805 0.43599998950958251953 0.36899998784065246582 0.32400000095367431641 0.26300001144409179688 0.18999999761581420898 0.21199999749660491943 0.29699999094009399414 0.34999999403953552246 0.34999999403953552246 0.3379999995231628418 0.31000000238418579102 0.25400000810623168945 0.18899999558925628662 0.093999996781349182129 0 0 0 0 0 0 0 0 0 0 0 0 0 0 0 0 0 0 0 0 0
0.56400001049041748047 0.60199999809265136719 0.68199998140335083008 0.77399998903274536133 0.84200000762939453125 0.84299999475479125977 0.8090000152587890625 0.76300001144409179688 0.72600001096725463867 0.70999997854232788086 0.73400002717971801758 0.7870000004768371582 0.84100002050399780273 0.88599997758865356445 0.88300001621246337891 0.77499997615814208984 0.58399999141693115234 0.44600000977516174316 0.37599998712539672852 0.31099998950958251953 0.20900000631809234619 0.085000000894069671631 0.061000000685453414917 0.11900000274181365967 0.18899999558925628662 0.23899999260902404785 0.27700001001358032227 0.26600000262260437012 0.21199999749660491943 0.13899999856948852539 0.027000000700354576111 0 0 0 0 0 0 0 0 0 0 0 0 0 0 0 0 0 0 0 0 0
0.56999999284744262695 0.60600000619888305664 0.67799997329711914062 0.7720000147819519043 0.83300000429153442383 0.82400000095367431641 0.76599997282028198242 0.68900001049041748047 0.63899999856948852539 0.64499998092651367188 0.69300001859664916992 0.76099997758865356445 0.82899999618530273438 0.88200002908706665039 0.89399999380111694336 0.80400002002716064453 0.60900002717971801758 0.45300000905990600586 0.38100001215934753418 0.31200000643730163574 0.18899999558925628662 0.037000000476837158203 0 0.0030000000260770320892 0.03599999845027923584 0.086000002920627593994 0.14200000464916229248 0.14200000464916229248 0.10300000011920928955 0.048999998718500137329 0 0 0 0 0 0 0 0 0 0 0 0 0 0 0 0 0 0 0 0 0 0
0.58300000429153442383 0.62599998712539672852 0.69199997186660766602 0.76399999856948852539 0.79000002145767211914 0.7720000147819519043 0.70999997854232788086 0.63400000333786010742 0.59700000286102294922 0.62099999189376831055 0.6840000152587890625 0.75900000333786010742 0.82999998331069946289 0.88499999046325683594 0.90299999713897705078 0.82899999618530273438 0.63599997758865356445 0.46099999547004699707 0.37400001287460327148 0.28600001335144042969 0.13699999451637268066 0 0 0 0 0 0 0 0 0 0 0 0 0 0 0 0 0 0 0 0 0 0 0 0 0 0 0 0 0 0 0
0.62000000476837158203 0.67199999094009399414 0.72899997234344482422 0.76099997758865356445 0.74599999189376831055 0.70999997854232788086 0.65600001811981201172 0.60000002384185791016 0.57599997520446777344 0.58999997377395629883 0.6539999842643737793 0.75400000810623168945 0.84799998998641967773 0.90100002288818359375 0.90799999237060546875 0.84700000286102294922 0.66399997472763061523 0.46900001168251037598 0.32199999690055847168 0.1620000004768371582 0 0 0 0 0 0 0 0 0 0 0 0 0 0 0 0 0 0 0 0 0 0 0 0 0 0 0 0 0 0 0 0
0.65700000524520874023 0.71100002527236938477 0.74599999189376831055 0.74900001287460327148 0.71899998188018798828 0.66799998283386230469 0.60900002717971801758 0.57099997997283935547 0.56099998950958251953 0.58099997043609619141 0.64499998092651367188 0.75300002098083496094 0.85900002717971801758 0.90799999237060546875 0.90700000524520874023 0.83700001239776611328 0.6539999842643737793 0.46900001168251037598 0.27300000190734863281 0.043999999761581420898 0 0 0 0 0 0 0 0 0 0 0 0 0 0 0 0 0 0 0 0 0 0 0 0 0 0 0 0 0 0 0 0.019999999552965164185
0.68000000715255737305 0.7210000157356262207 0.73600000143051147461 0.7210000157356262207 0.68300002813339233398 0.62699997425079345703 0.57899999618530273438 0.56499999761581420898 0.57200002670288085938 0.60000002384185791016 0.66699999570846557617 0.7720000147819519043 0.87099999189376831055 0.90899997949600219727 0.89800000190734863281 0.80299997329711914062 0.61699998378753662109 0.47600001096725463867 0.31200000643730163574 0.072999998927116394043 0 0 0 0 0 0 0 0 0 0 0 0 0 0 0 0 0 0 0 0 0 0 0 0 0 0 0 0 0 0 0.048999998718500137329 0.18600000441074371338
0.69900000095367431641 0.71200001239776611328 0.70200002193450927734 0.67299997806549072266 0.63200002908706665039 0.5879999995231628418 0.5590000152587890625 0.55599999427795410156 0.56900000572204589844 0.60199999809265136719 0.66600000858306884766 0.77399998903274536133 0.87599998712539672852 0.90600001811981201172 0.87199997901916503906 0.74199998378753662109 0.5659999847412109375 0.44499999284744262695 0.30399999022483825684 0.097999997437000274658 0 0 0 0 0 0 0 0 0 0 0 0 0 0 0 0 0 0 0 0 0 0 0 0 0 0 0 0 0 0.11900000274181365967 0.24099999666213989258 0.33500000834465026855
0.68000000715255737305 0.67100000381469726562 0.64499998092651367188 0.61199998855590820312 0.58499997854232788086 0.56499999761581420898 0.54699999094009399414 0.53799998760223388672 0.55000001192092895508 0.5879999995231628418 0.64800000190734863281 0.75 0.85600000619888305664 0.88300001621246337891 0.82999998331069946289 0.68999999761581420898 0.52399998903274536133 0.37099999189376831055 0.23100000619888305664 0.097999997437000274658 0 0 0 0 0 0 0 0 0 0 0 0 0 0 0 0 0 0 0 0 0 0 0 0 0 0 0 0.052000001072883605957 0.20900000631809234619 0.32699999213218688965 0.40400001406669616699 0.4560000002384185791
0.63800001144409179688 0.625 0.60399997234344482422 0.57899999618530273438 0.56499999761581420898 0.5590000152587890625 0.54699999094009399414 0.53100001811981201172 0.53600001335144042969 0.5659999847412109375 0.62300002574920654297 0.73199999332427978516 0.83499997854232788086 0.86199998855590820312 0.81999999284744262695 0.69300001859664916992 0.51300001144409179688 0.31900000572204589844 0.18799999356269836426 0.10899999737739562988 0 0 0 0 0 0 0 0 0 0 0 0 0 0 0 0 0 0 0 0 0 0 0 0 0 0 0.1319999992847442627 0.28600001335144042969 0.40200001001358032227 0.47400000691413879395 0.51899999380111694336 0.55199998617172241211
0.61799997091293334961 0.60199999809265136719 0.5879999995231628418 0.56900000572204589844 0.55000001192092895508 0.54000002145767211914 0.53100001811981201172 0.51599997282028198242 0.52300000190734863281 0.55800002813339233398 0.61799997091293334961 0.73199999332427978516 0.83700001239776611328 0.86299997568130493164 0.82700002193450927734 0.69999998807907104492 0.51499998569488525391 0.33199998736381530762 0.20399999618530273438 0.1180000007152557373 0 0 0 0 0 0 0 0 0 0 0 0 0 0 0 0 0 0 0 0 0 0 0 0 0.096000000834465026855 0.2020000070333480835 0.33599999547004699707 0.46000000834465026855 0.53600001335144042969 0.58200001716613769531 0.61100000143051147461 0.63400000333786010742
0.58899998664855957031 0.56999999284744262695 0.55699998140335083008 0.54400002956390380859 0.5220000147819519043 0.50900000333786010742 0.50400000810623168945 0.5 0.51999998092651367188 0.56099998950958251953 0.61599999666213989258 0.71799999475479125977 0.82499998807907104492 0.85600000619888305664 0.82499998807907104492 0.70800000429153442383 0.53600001335144042969 0.38800001144409179688 0.26499998569488525391 0.12899999320507049561 0 0 0 0 0 0 0 0 0 0 0 0 0 0 0 0 0 0 0 0 0 0 0.093000002205371856689 0.17800000309944152832 0.23800000548362731934 0.34000000357627868652 0.45699998736381530762 0.56000000238418579102 0.62800002098083496094 0.66000002622604370117 0.67500001192092895508 0.68099999427795410156
0.55400002002716064453 0.54100000858306884766 0.5289999842643737793 0.51700001955032348633 0.50099998712539672852 0.4930000007152557373 0.48699998855590820312 0.48699998855590820312 0.50800001621246337891 0.54600000381469726562 0.59799998998641967773 0.69300001859664916992 0.80000001192092895508 0.84100002050399780273 0.83300000429153442383 0.76800000667572021484 0.63800001144409179688 0.5 0.35400000214576721191 0.17800000309944152832 0 0 0 0 0 0 0 0 0 0 0 0 0 0 0 0 0 0 0 0 0.094999998807907104492 0.2060000002384185791 0.29699999094009399414 0.32400000095367431641 0.35699999332427978516 0.45699998736381530762 0.55800002813339233398 0.63599997758865356445 0.67599999904632568359 0.68300002813339233398 0.6840000152587890625 0.68500000238418579102
0.51800000667572021484 0.51599997282028198242 0.51800000667572021484 0.50800001621246337891 0.49500000476837158203 0.48699998855590820312 0.47499999403953552246 0.46700000762939453125 0.48399999737739562988 0.51899999380111694336 0.56800001859664916992 0.64499998092651367188 0.74299997091293334961 0.8090000152587890625 0.83200001716613769531 0.82099997997283935547 0.75800001621246337891 0.63200002908706665039 0.45899999141693115234 0.28600001335144042969 0.12700000405311584473 0 0 0 0 0 0 0 0 0 0 0 0 0 0 0 0 0.027000000700354576111 0.10999999940395355225 0.18000000715255737305 0.24600000679492950439 0.34700000286102294922 0.44999998807907104492 0.48300001025199890137 0.51300001144409179688 0.59399998188018798828 0.65600001811981201172 0.68000000715255737305 0.6840000152587890625 0.68300002813339233398 0.6840000152587890625 0.6840000152587890625
0.49000000953674316406 0.48399999737739562988 0.48600000143051147461 0.47999998927116394043 0.47299998998641967773 0.46599999070167541504 0.45800000429153442383 0.45500001311302185059 0.46799999475479125977 0.49700000882148742676 0.5370000004768371582 0.57899999618530273438 0.64600002765655517578 0.73699998855590820312 0.80099999904632568359 0.83200001716613769531 0.81499999761581420898 0.72200000286102294922 0.57599997520446777344 0.42599999904632568359 0.28000000119209289551 0.10899999737739562988 0 0 0 0 0 0 0 0 0 0 0 0 0 0 0.097999997437000274658 0.19799999892711639404 0.27000001072883605957 0.3160000145435333252 0.35100001096725463867 0.42800000309944152832 0.51599997282028198242 0.56999999284744262695 0.62400001287460327148 0.67299997806549072266 0.68500000238418579102 0.6840000152587890625 0.6840000152587890625 0.68300002813339233398 0.68199998140335083008 0.68199998140335083008
0.46700000762939453125 0.46000000834465026855 0.45300000905990600586 0.44499999284744262695 0.44200000166893005371 0.43799999356269836426 0.43799999356269836426 0.44499999284744262695 0.45699998736381530762 0.48199999332427978516 0.51399999856948852539 0.53600001335144042969 0.57800000905990600586 0.65100002288818359375 0.7210000157356262207 0.7870000004768371582 0.8159999847412109375 0.76599997282028198242 0.68199998140335083008 0.56499999761581420898 0.41699999570846557617 0.25799998641014099121 0.075999997556209564209 0 0 0 0 0 0 0 0 0 0 0 0 0.14200000464916229248 0.24099999666213989258 0.30399999022483825684 0.3529999852180480957 0.39500001072883605957 0.43099999427795410156 0.48800000548362731934 0.56900000572204589844 0.63700002431869506836 0.67400002479553222656 0.68500000238418579102 0.68500000238418579102 0.6840000152587890625 0.68199998140335083008 0.68099999427795410156 0.68099999427795410156 0.68000000715255737305
0.45399999618530273438 0.45199999213218688965 0.44200000166893005371 0.42800000309944152832 0.42300000786781311035 0.42300000786781311035 0.42500001192092895508 0.42899999022483825684 0.4410000145435333252 0.47299998998641967773 0.51099997758865356445 0.54500001668930053711 0.57999998331069946289 0.61400002241134643555 0.66000002622604370117 0.73799997568130493164 0.79500001668930053711 0.77799999713897705078 0.73000001907348632812 0.63899999856948852539 0.48899999260902404785 0.35400000214576721191 0.20800000429153442383 0.046000000089406967163 0 0 0 0 0 0 0 0 0 0 0.12700000405311584473 0.25799998641014099121 0.31999999284744262695 0.35899999737739562988 0.39599999785423278809 0.43200001120567321777 0.48699998855590820312 0.57099997997283935547 0.64999997615814208984 0.6840000152587890625 0.68800002336502075195 0.68599998950958251953 0.6840000152587890625 0.68099999427795410156 0.68000000715255737305 0.68000000715255737305 0.68000000715255737305 0.68000000715255737305
0.42800000309944152832 0.42300000786781311035 0.41499999165534973145 0.40299999713897705078 0.40099999308586120605 0.40999999642372131348 0.41699999570846557617 0.41800001263618469238 0.43599998950958251953 0.47699999809265136719 0.51700001955032348633 0.55599999427795410156 0.58399999141693115234 0.60900002717971801758 0.66500002145767211914 0.75999999046325683594 0.81699997186660766602 0.79199999570846557617 0.73100000619888305664 0.65499997138977050781 0.51899999380111694336 0.39899998903274536133 0.29699999094009399414 0.17499999701976776123 0.065999999642372131348 0 0 0 0 0 0 0 0 0.070000000298023223877 0.19400000572204589844 0.28900000452995300293 0.35699999332427978516 0.3970000147819519043 0.44800001382827758789 0.5289999842643737793 0.59500002861022949219 0.62800002098083496094 0.66699999570846557617 0.68500000238418579102 0.68599998950958251953 0.68599998950958251953 0.68500000238418579102 0.68099999427795410156 0.68000000715255737305 0.68099999427795410156 0.68099999427795410156 0.68199998140335083008
0.38499999046325683594 0.37799999117851257324 0.37700000405311584473 0.37900000810623168945 0.38800001144409179688 0.40799999237060546875 0.42100000381469726562 0.42800000309944152832 0.44900000095367431641 0.47999998927116394043 0.50900000333786010742 0.54600000381469726562 0.58499997854232788086 0.63300001621246337891 0.72200000286102294922 0.81300002336502075195 0.84399998188018798828 0.80400002002716064453 0.73299998044967651367 0.67699998617172241211 0.56800001859664916992 0.45899999141693115234 0.38499999046325683594 0.30399999022483825684 0.23800000548362731934 0.17000000178813934326 0.097999997437000274658 0.024000000208616256714 0 0 0 0.034000001847743988037 0.07500000298023223877 0.16400000452995300293 0.26800000667572021484 0.34499999880790710449 0.38899999856948852539 0.43500000238418579102 0.53799998760223388672 0.65200001001358032227 0.68000000715255737305 0.64200001955032348633 0.64399999380111694336 0.67400002479553222656 0.68300002813339233398 0.68500000238418579102 0.68599998950958251953 0.6840000152587890625 0.67900002002716064453 0.66799998283386230469 0.6539999842643737793 0.64399999380111694336
0.34799998998641967773 0.36000001430511474609 0.36700001358985900879 0.37599998712539672852 0.38699999451637268066 0.40599998831748962402 0.42500001192092895508 0.44299998879432678223 0.46399998664855957031 0.48600000143051147461 0.51099997758865356445 0.54900002479553222656 0.60000002384185791016 0.68099999427795410156 0.78200000524520874023 0.83700001239776611328 0.84200000762939453125 0.80099999904632568359 0.73299998044967651367 0.67400002479553222656 0.58099997043609619141 0.50499999523162841797 0.45500001311302185059 0.39300000667572021484 0.34299999475479125977 0.30799999833106994629 0.26600000262260437012 0.21199999749660491943 0.16799999773502349854 0.17000000178813934326 0.2169999927282333374 0.24799999594688415527 0.24600000679492950439 0.26800000667572021484 0.33599999547004699707 0.39199998974800109863 0.41699999570846557617 0.48699998855590820312 0.62599998712539672852 0.71399998664855957031 0.71600002050399780273 0.67799997329711914062 0.64999997615814208984 0.66000002622604370117 0.67599999904632568359 0.6840000152587890625 0.68599998950958251953 0.67799997329711914062 0.64399999380111694336 0.5879999995231628418 0.53799998760223388672 0.50400000810623168945
0.31700000166893005371 0.33899998664855957031 0.34099999070167541504 0.34299999475479125977 0.36000001430511474609 0.38400000333786010742 0.41299998760223388672 0.43900001049041748047 0.46799999475479125977 0.50099998712539672852 0.53200000524520874023 0.57099997997283935547 0.62699997425079345703 0.72200000286102294922 0.81499999761581420898 0.84399998188018798828 0.82999998331069946289 0.78200000524520874023 0.70899999141693115234 0.62000000476837158203 0.53200000524520874023 0.48800000548362731934 0.46000000834465026855 0.42300000786781311035 0.38999998569488525391 0.37000000476837158203 0.34999999403953552246 0.33199998736381530762 0.32400000095367431641 0.33599999547004699707 0.36500000953674316406 0.38699999451637268066 0.37599998712539672852 0.37000000476837158203 0.40099999308586120605 0.4339999854564666748 0.45699998736381530762 0.52600002288818359375 0.64600002765655517578 0.71600002050399780273 0.72500002384185791016 0.70800000429153442383 0.67299997806549072266 0.65299999713897705078 0.65600001811981201172 0.66000002622604370117 0.64600002765655517578 0.60000002384185791016 0.50900000333786010742 0.41299998760223388672 0.3680000007152557373 0.35199999809265136719
