map_test.wd
ncols        900
nrows        600
xllcorner    408137.933224999986
yllcorner    490822.791986999975
cellsize     8.000720000000
NODATA_value  -9999
[rows 299 to 321 of 600, columns 364 to 415 of 900]
0 0.050000000745058059692 0.27399998903274536133 0.51200002431869506836 0.38400000333786010742 0.07100000232458114624 0 0 0 0 0 0 0 0 0 0 0 0 0 0 0 0 0 0 0 0 0 0 0 0 0 0 0 0 0 0 0 0 0 0 0 0 0 0 0 0 0 0 0 0 0 0
0 0.12999999523162841797 0.36899998784065246582 0.54000002145767211914 0.34400001168251037598 0.020999999716877937317 0 0 0 0 0 0 0 0 0 0 0 0 0 0 0 0 0 0 0 0 0 0 0 0 0 0 0 0 0 0 0 0 0 0 0 0 0 0 0 0 0 0 0 0 0 0
0.11900000274181365967 0.22100000083446502686 0.43799999356269836426 0.53299999237060546875 0.25999999046325683594 0 0 0 0 0 0 0 0 0 0 0 0 0 0 0 0 0 0 0 0 0 0 0 0 0 0 0 0 0 0 0 0 0 0 0 0 0 0 0 0 0 0 0 0 0 0 0
0.33899998664855957031 0.37700000405311584473 0.50599998235702514648 0.4779999852180480957 0.16099999845027923584 0 0 0 0 0 0 0 0 0 0 0 0 0 0 0 0 0 0 0 0 0 0 0 0 0 0 0 0 0 0 0 0 0 0 0 0 0 0 0 0 0 0 0 0 0 0 0
0.55800002813339233398 0.57499998807907104492 0.54199999570846557617 0.31299999356269836426 0 0 0 0 0 0 0 0 0 0 0 0 0 0 0 0 0 0 0 0 0 0 0 0 0 0 0 0 0 0 0 0 0 0 0 0 0 0 0 0 0 0 0 0 0 0 0 0
0.6539999842643737793 0.62699997425079345703 0.42899999022483825684 0.08900000154972076416 0 0 0 0 0 0 0 0 0 0 0 0 0 0 0 0 0 0 0 0 0 0 0 0 0 0 0 0 0 0 0 0 0 0 0 0 0 0 0.039000000804662704468 0.032999999821186065674 0 0 0 0 0 0 0 0.10100000351667404175
0.67199999094009399414 0.62999999523162841797 0.42699998617172241211 0.07500000298023223877 0 0 0 0 0 0 0 0 0 0 0 0 0 0 0 0 0 0 0 0 0 0 0 0 0 0 0 0 0 0 0 0 0 0 0 0 0 0.054999999701976776123 0.094999998807907104492 0.10599999874830245972 0.11900000274181365967 0.11999999731779098511 0.16099999845027923584 0.23800000548362731934 0.27399998903274536133 0.29800000786781311035 0.35100001096725463867 0.43099999427795410156
0.67500001192092895508 0.66500002145767211914 0.5879999995231628418 0.37299999594688415527 0.13600000739097595215 0.041000001132488250732 0.032999999821186065674 0.0049999998882412910461 0 0 0 0 0 0 0 0 0 0 0 0 0 0 0 0 0 0 0 0 0 0 0 0 0 0 0 0 0 0 0 0.046000000089406967163 0.13099999725818634033 0.14300000667572021484 0.19099999964237213135 0.25900000333786010742 0.32800000905990600586 0.39899998903274536133 0.49000000953674316406 0.56699997186660766602 0.57499998807907104492 0.54900002479553222656 0.53299999237060546875 0.53399997949600219727
0.67599999904632568359 0.67000001668930053711 0.65600001811981201172 0.60600000619888305664 0.50400000810623168945 0.38899999856948852539 0.25999999046325683594 0.125 0.041000001132488250732 0 0 0 0 0 0 0 0 0 0 0 0 0 0 0 0 0 0 0 0 0 0 0 0 0 0 0 0 0 0 0.17800000309944152832 0.29600000381469726562 0.36599999666213989258 0.44200000166893005371 0.50199997425079345703 0.54400002956390380859 0.58200001716613769531 0.60799998044967651367 0.60799998044967651367 0.58399999141693115234 0.55500000715255737305 0.53799998760223388672 0.53500002622604370117
0.67199999094009399414 0.6620000004768371582 0.64999997615814208984 0.64399999380111694336 0.64200001955032348633 0.61900001764297485352 0.54199999570846557617 0.41999998688697814941 0.29699999094009399414 0.18500000238418579102 0.052000001072883605957 0 0 0 0 0 0 0 0 0 0 0 0 0 0 0 0 0 0 0 0 0 0 0 0 0 0 0.15700000524520874023 0.33199998736381530762 0.45500001311302185059 0.52499997615814208984 0.57400000095367431641 0.60600000619888305664 0.61000001430511474609 0.59899997711181640625 0.60199999809265136719 0.61100000143051147461 0.59899997711181640625 0.57300001382827758789 0.55099999904632568359 0.5370000004768371582 0.53500002622604370117
0.66600000858306884766 0.65700000524520874023 0.65100002288818359375 0.64800000190734863281 0.64999997615814208984 0.6539999842643737793 0.65499997138977050781 0.63400000333786010742 0.58300000429153442383 0.50400000810623168945 0.40000000596046447754 0.28600001335144042969 0.17800000309944152832 0.090000003576278686523 0.034000001847743988037 0 0 0 0 0 0 0 0 0 0 0 0 0 0 0 0 0 0.023000000044703483582 0.059000000357627868652 0.12999999523162841797 0.25400000810623168945 0.39500001072883605957 0.51300001144409179688 0.58999997377395629883 0.62099999189376831055 0.62400001287460327148 0.62000000476837158203 0.61500000953674316406 0.60799998044967651367 0.6029999852180480957 0.61000001430511474609 0.60900002717971801758 0.58999997377395629883 0.56900000572204589844 0.55199998617172241211 0.5370000004768371582 0.53399997949600219727
0.66500002145767211914 0.66000002622604370117 0.65600001811981201172 0.6539999842643737793 0.65499997138977050781 0.66000002622604370117 0.66399997472763061523 0.66600000858306884766 0.66600000858306884766 0.66100001335144042969 0.63599997758865356445 0.57400000095367431641 0.46700000762939453125 0.35699999332427978516 0.28299999237060546875 0.22100000083446502686 0.15999999642372131348 0.12999999523162841797 0.15199999511241912842 0.18899999558925628662 0.18600000441074371338 0.15000000596046447754 0.12700000405311584473 0.10700000077486038208 0.082000002264976501465 0.061000000685453414917 0.061000000685453414917 0.085000000894069671631 0.12399999797344207764 0.16300000250339508057 0.20700000226497650146 0.27300000190734863281 0.34700000286102294922 0.41499999165534973145 0.48899999260902404785 0.5659999847412109375 0.61900001764297485352 0.63499999046325683594 0.63700002431869506836 0.63700002431869506836 0.63400000333786010742 0.62900000810623168945 0.62099999189376831055 0.61100000143051147461 0.61000001430511474609 0.61500000953674316406 0.60500001907348632812 0.58600002527236938477 0.56900000572204589844 0.55199998617172241211 0.53600001335144042969 0.53299999237060546875
0.66799998283386230469 0.66500002145767211914 0.6620000004768371582 0.66000002622604370117 0.66100001335144042969 0.66399997472763061523 0.66600000858306884766 0.66699999570846557617 0.66699999570846557617 0.66399997472763061523 0.65899997949600219727 0.6539999842643737793 0.62800002098083496094 0.58499997854232788086 0.54600000381469726562 0.50599998235702514648 0.45699998736381530762 0.42599999904632568359 0.44499999284744262695 0.49200001358985900879 0.50800001621246337891 0.48199999332427978516 0.4410000145435333252 0.38800001144409179688 0.33700001239776611328 0.32800000905990600586 0.35100001096725463867 0.38800001144409179688 0.43299999833106994629 0.47400000691413879395 0.51200002431869506836 0.55199998617172241211 0.59200000762939453125 0.62599998712539672852 0.64399999380111694336 0.64399999380111694336 0.63800001144409179688 0.63099998235702514648 0.62800002098083496094 0.63099998235702514648 0.63499999046325683594 0.63599997758865356445 0.63099998235702514648 0.62099999189376831055 0.61900001764297485352 0.61699998378753662109 0.6029999852180480957 0.58600002527236938477 0.56999999284744262695 0.55299997329711914062 0.53600001335144042969 0.53200000524520874023
0.67199999094009399414 0.67000001668930053711 0.66699999570846557617 0.66500002145767211914 0.66600000858306884766 0.66699999570846557617 0.66699999570846557617 0.66799998283386230469 0.66699999570846557617 0.66399997472763061523 0.6620000004768371582 0.6620000004768371582 0.6620000004768371582 0.65799999237060546875 0.64999997615814208984 0.63599997758865356445 0.61799997091293334961 0.6029999852180480957 0.60799998044967651367 0.62599998712539672852 0.63899999856948852539 0.64099997282028198242 0.63099998235702514648 0.60799998044967651367 0.57999998331069946289 0.56999999284744262695 0.57999998331069946289 0.59799998998641967773 0.62000000476837158203 0.63700002431869506836 0.64600002765655517578 0.65100002288818359375 0.65299999713897705078 0.65299999713897705078 0.64899998903274536133 0.64099997282028198242 0.63200002908706665039 0.62300002574920654297 0.61599999666213989258 0.61500000953674316406 0.62099999189376831055 0.62999999523162841797 0.63300001621246337891 0.62300002574920654297 0.61599999666213989258 0.61500000953674316406 0.60399997234344482422 0.58700001239776611328 0.56999999284744262695 0.55400002002716064453 0.5370000004768371582 0.5289999842643737793
0.67000001668930053711 0.67000001668930053711 0.66900002956390380859 0.66799998283386230469 0.66799998283386230469 0.66799998283386230469 0.66799998283386230469 0.66799998283386230469 0.66799998283386230469 0.66600000858306884766 0.66399997472763061523 0.66399997472763061523 0.6620000004768371582 0.66000002622604370117 0.65600001811981201172 0.64999997615814208984 0.64399999380111694336 0.64099997282028198242 0.64099997282028198242 0.64300000667572021484 0.64600002765655517578 0.64800000190734863281 0.65299999713897705078 0.65700000524520874023 0.65499997138977050781 0.65200001001358032227 0.65100002288818359375 0.64999997615814208984 0.64800000190734863281 0.64800000190734863281 0.64999997615814208984 0.65299999713897705078 0.6539999842643737793 0.65299999713897705078 0.64600002765655517578 0.63599997758865356445 0.62599998712539672852 0.61599999666213989258 0.60699999332427978516 0.60000002384185791016 0.60000002384185791016 0.60900002717971801758 0.62000000476837158203 0.61100000143051147461 0.59799998998641967773 0.6029999852180480957 0.6029999852180480957 0.58899998664855957031 0.57099997997283935547 0.55400002002716064453 0.5370000004768371582 0.52600002288818359375
0.6539999842643737793 0.66799998283386230469 0.66799998283386230469 0.66799998283386230469 0.66799998283386230469 0.66900002956390380859 0.66799998283386230469 0.66900002956390380859 0.66799998283386230469 0.66699999570846557617 0.66500002145767211914 0.66399997472763061523 0.6620000004768371582 0.65899997949600219727 0.65600001811981201172 0.65200001001358032227 0.6470000147819519043 0.64399999380111694336 0.64399999380111694336 0.64600002765655517578 0.64800000190734863281 0.65200001001358032227 0.65600001811981201172 0.65799999237060546875 0.65700000524520874023 0.65499997138977050781 0.6539999842643737793 0.65299999713897705078 0.65200001001358032227 0.65100002288818359375 0.65200001001358032227 0.65200001001358032227 0.65200001001358032227 0.65100002288818359375 0.64399999380111694336 0.63400000333786010742 0.62300002574920654297 0.61199998855590820312 0.60199999809265136719 0.59200000762939453125 0.58499997854232788086 0.58499997854232788086 0.59500002861022949219 0.59200000762939453125 0.58200001716613769531 0.5879999995231628418 0.5960000157356262207 0.59200000762939453125 0.57499998807907104492 0.55599999427795410156 0.53799998760223388672 0.52399998903274536133
0.58300000429153442383 0.6620000004768371582 0.66699999570846557617 0.66600000858306884766 0.66699999570846557617 0.66699999570846557617 0.66600000858306884766 0.66600000858306884766 0.66699999570846557617 0.66600000858306884766 0.66500002145767211914 0.66399997472763061523 0.6620000004768371582 0.65799999237060546875 0.65600001811981201172 0.65299999713897705078 0.64899998903274536133 0.6470000147819519043 0.6470000147819519043 0.64899998903274536133 0.65200001001358032227 0.65499997138977050781 0.65700000524520874023 0.65700000524520874023 0.65600001811981201172 0.65600001811981201172 0.65499997138977050781 0.65299999713897705078 0.65100002288818359375 0.64999997615814208984 0.64999997615814208984 0.64999997615814208984 0.64999997615814208984 0.64800000190734863281 0.64200001955032348633 0.63200002908706665039 0.62099999189376831055 0.61000001430511474609 0.59799998998641967773 0.58700001239776611328 0.57700002193450927734 0.56999999284744262695 0.56999999284744262695 0.56999999284744262695 0.57400000095367431641 0.58499997854232788086 0.59100002050399780273 0.59100002050399780273 0.58099997043609619141 0.56300002336502075195 0.54199999570846557617 0.52399998903274536133
0.44499999284744262695 0.63400000333786010742 0.65700000524520874023 0.6620000004768371582 0.66399997472763061523 0.66399997472763061523 0.66299998760223388672 0.66399997472763061523 0.66399997472763061523 0.66500002145767211914 0.66399997472763061523 0.66399997472763061523 0.66100001335144042969 0.65799999237060546875 0.65600001811981201172 0.6539999842643737793 0.65100002288818359375 0.64999997615814208984 0.64999997615814208984 0.65200001001358032227 0.6539999842643737793 0.65600001811981201172 0.65600001811981201172 0.65600001811981201172 0.65499997138977050781 0.65600001811981201172 0.6539999842643737793 0.64999997615814208984 0.6470000147819519043 0.64600002765655517578 0.64600002765655517578 0.64800000190734863281 0.64800000190734863281 0.64600002765655517578 0.63999998569488525391 0.63099998235702514648 0.62000000476837158203 0.60799998044967651367 0.59700000286102294922 0.58499997854232788086 0.57400000095367431641 0.56300002336502075195 0.55500000715255737305 0.55500000715255737305 0.56800001859664916992 0.58700001239776611328 0.59500002861022949219 0.59299999475479125977 0.58600002527236938477 0.57200002670288085938 0.55299997329711914062 0.53299999237060546875
0.20000000298023223877 0.49700000882148742676 0.61100000143051147461 0.65299999713897705078 0.6620000004768371582 0.66399997472763061523 0.66399997472763061523 0.66399997472763061523 0.66399997472763061523 0.6620000004768371582 0.6620000004768371582 0.66299998760223388672 0.66100001335144042969 0.65799999237060546875 0.65600001811981201172 0.6539999842643737793 0.6539999842643737793 0.65499997138977050781 0.65600001811981201172 0.65600001811981201172 0.65600001811981201172 0.65600001811981201172 0.65499997138977050781 0.6539999842643737793 0.6539999842643737793 0.65600001811981201172 0.65299999713897705078 0.6470000147819519043 0.64300000667572021484 0.64200001955032348633 0.64300000667572021484 0.64399999380111694336 0.64499998092651367188 0.64300000667572021484 0.63800001144409179688 0.62900000810623168945 0.61799997091293334961 0.60699999332427978516 0.59500002861022949219 0.58399999141693115234 0.57300001382827758789 0.56300002336502075195 0.55699998140335083008 0.55800002813339233398 0.57200002670288085938 0.59100002050399780273 0.60199999809265136719 0.60199999809265136719 0.58399999141693115234 0.53200000524520874023 0.48100000619888305664 0.44800001382827758789
0 0.21799999475479125977 0.46799999475479125977 0.61599999666213989258 0.65700000524520874023 0.66399997472763061523 0.66399997472763061523 0.66399997472763061523 0.66399997472763061523 0.6620000004768371582 0.66100001335144042969 0.6620000004768371582 0.6620000004768371582 0.66000002622604370117 0.65799999237060546875 0.65600001811981201172 0.65700000524520874023 0.66100001335144042969 0.6620000004768371582 0.65799999237060546875 0.65600001811981201172 0.65499997138977050781 0.6539999842643737793 0.6539999842643737793 0.65499997138977050781 0.65700000524520874023 0.6539999842643737793 0.64499998092651367188 0.63800001144409179688 0.63700002431869506836 0.63899999856948852539 0.64099997282028198242 0.64200001955032348633 0.63999998569488525391 0.63599997758865356445 0.62800002098083496094 0.61599999666213989258 0.60500001907348632812 0.59399998188018798828 0.58399999141693115234 0.57700002193450927734 0.57200002670288085938 0.57099997997283935547 0.57599997520446777344 0.58899998664855957031 0.59299999475479125977 0.56999999284744262695 0.53200000524520874023 0.4779999852180480957 0.39100000262260437012 0.29699999094009399414 0.21899999678134918213
0 0 0.12999999523162841797 0.42800000309944152832 0.59899997711181640625 0.64999997615814208984 0.66100001335144042969 0.6620000004768371582 0.6620000004768371582 0.6620000004768371582 0.66000002622604370117 0.66100001335144042969 0.6620000004768371582 0.66000002622604370117 0.65899997949600219727 0.65799999237060546875 0.65799999237060546875 0.66000002622604370117 0.66000002622604370117 0.65700000524520874023 0.65499997138977050781 0.65499997138977050781 0.6539999842643737793 0.6539999842643737793 0.65600001811981201172 0.65700000524520874023 0.6539999842643737793 0.64399999380111694336 0.63400000333786010742 0.63200002908706665039 0.63599997758865356445 0.63800001144409179688 0.63800001144409179688 0.63700002431869506836 0.63300001621246337891 0.62599998712539672852 0.61500000953674316406 0.60500001907348632812 0.59700000286102294922 0.59200000762939453125 0.58999997377395629883 0.58999997377395629883 0.59100002050399780273 0.59200000762939453125 0.57700002193450927734 0.51300001144409179688 0.41600000858306884766 0.32800000905990600586 0.25400000810623168945 0.17900000512599945068 0.07100000232458114624 0
0 0 0 0.024000000208616256714 0.28799998760223388672 0.50800001621246337891 0.62400001287460327148 0.64800000190734863281 0.64999997615814208984 0.6539999842643737793 0.65799999237060546875 0.66000002622604370117 0.65899997949600219727 0.65600001811981201172 0.65499997138977050781 0.65600001811981201172 0.65700000524520874023 0.65600001811981201172 0.65299999713897705078 0.65200001001358032227 0.6539999842643737793 0.6539999842643737793 0.65200001001358032227 0.65200001001358032227 0.65200001001358032227 0.65499997138977050781 0.65299999713897705078 0.64300000667572021484 0.63099998235702514648 0.62800002098083496094 0.63200002908706665039 0.63200002908706665039 0.62599998712539672852 0.62000000476837158203 0.62099999189376831055 0.62199997901916503906 0.61500000953674316406 0.60799998044967651367 0.60199999809265136719 0.59500002861022949219 0.5879999995231628418 0.57999998331069946289 0.56000000238418579102 0.48600000143051147461 0.37099999189376831055 0.23299999535083770752 0.10999999940395355225 0.028999999165534973145 0 0 0 0
0 0 0 0 0 0.11299999803304672241 0.32400000095367431641 0.40500000119209289551 0.46099999547004699707 0.55500000715255737305 0.61400002241134643555 0.63400000333786010742 0.63999998569488525391 0.63700002431869506836 0.63400000333786010742 0.63899999856948852539 0.64300000667572021484 0.63899999856948852539 0.625 0.61599999666213989258 0.61599999666213989258 0.62400001287460327148 0.63499999046325683594 0.63899999856948852539 0.63899999856948852539 0.64200001955032348633 0.64300000667572021484 0.62699997425079345703 0.60199999809265136719 0.59500002861022949219 0.58999997377395629883 0.55699998140335083008 0.52399998903274536133 0.51700001955032348633 0.52100002765655517578 0.52999997138977050781 0.54699999094009399414 0.5370000004768371582 0.49399998784065246582 0.45199999213218688965 0.41299998760223388672 0.35800001025199890137 0.2870000004768371582 0.16099999845027923584 0.0030000000260770320892 0 0 0 0 0 0 0
