map_test.wd
ncols        900
nrows        600
xllcorner    408137.933224999986
yllcorner    490822.791986999975
cellsize     8.000720000000
NODATA_value  -9999
[rows 253 to 275 of 600, columns 260 to 311 of 900]
0 0 0 0 0 0 0 0 0 0 0 0 0 0 0 0 0 0 0 0 0 0 0 0 0 0 0 0 0 0 0 0 0 0 0 0 0 0 0 0 0 0 0 0 0 0 0 0 0 0 0 0
0 0 0 0 0 0 0 0 0 0 0 0 0 0 0 0 0 0 0 0 0 0 0 0 0 0 0 0 0 0 0 0 0 0 0 0 0 0 0 0 0 0 0 0 0 0 0 0 0 0 0 0
0 0 0 0 0 0 0 0 0 0 0 0 0 0 0 0 0 0 0 0 0 0 0 0 0 0 0 0 0 0 0 0 0 0.0010000000474974513054 0 0 0 0 0 0 0 0 0 0 0 0 0 0 0 0 0 0
0 0 0 0 0 0 0 0 0 0 0 0 0 0 0 0 0 0 0 0 0 0 0 0 0 0 0 0 0 0 0 0 0 0.0020000000949949026108 0.01799999922513961792 0 0 0 0 0 0 0 0 0 0 0 0 0 0 0 0 0
0.27399998903274536133 0.2020000070333480835 0.15399999916553497314 0.13400000333786010742 0.086000002920627593994 0.035000000149011611938 0 0 0 0 0 0 0 0 0 0 0 0 0 0 0 0 0 0 0 0 0 0 0 0 0 0 0 0.0030000000260770320892 0.030999999493360519409 0.0030000000260770320892 0 0 0 0 0 0 0 0 0 0 0 0 0 0 0 0
0.56499999761581420898 0.50599998235702514648 0.44800001382827758789 0.43200001120567321777 0.42399999499320983887 0.39599999785423278809 0.34200000762939453125 0.26199999451637268066 0.18199999630451202393 0.14100000262260437012 0.13600000739097595215 0.12099999934434890747 0.083999998867511749268 0.039000000804662704468 0 0 0 0 0 0 0 0 0 0 0 0 0 0 0 0 0 0 0 0.0040000001899898052216 0.0099999997764825820923 0.0020000000949949026108 0 0 0 0 0 0 0 0 0 0 0 0 0 0 0 0
0.64800000190734863281 0.64399999380111694336 0.62000000476837158203 0.60699999332427978516 0.62000000476837158203 0.62800002098083496094 0.62199997901916503906 0.59200000762939453125 0.55099999904632568359 0.52499997615814208984 0.50400000810623168945 0.45699998736381530762 0.40000000596046447754 0.34000000357627868652 0.25799998641014099121 0.16400000452995300293 0.037999998778104782104 0 0 0 0 0 0 0 0 0 0 0 0 0 0 0 0 0.0070000002160668373108 0.0099999997764825820923 0.0040000001899898052216 0 0 0 0 0 0 0 0 0 0 0 0 0 0 0 0
0.6470000147819519043 0.6539999842643737793 0.63899999856948852539 0.62400001287460327148 0.63200002908706665039 0.64399999380111694336 0.65799999237060546875 0.66699999570846557617 0.67299997806549072266 0.67699998617172241211 0.67000001668930053711 0.65100002288818359375 0.62900000810623168945 0.59899997711181640625 0.52700001001358032227 0.43500000238418579102 0.31999999284744262695 0.17200000584125518799 0.082000002264976501465 0.081000000238418579102 0.11400000005960464478 0.087999999523162841797 0 0 0 0 0 0 0 0 0 0 0 0.0099999997764825820923 0.0080000003799796104431 0.0040000001899898052216 0 0 0 0 0 0 0 0 0 0 0 0 0 0 0 0
0.64499998092651367188 0.64999997615814208984 0.63400000333786010742 0.62099999189376831055 0.62999999523162841797 0.64300000667572021484 0.65700000524520874023 0.66799998283386230469 0.67599999904632568359 0.68000000715255737305 0.68000000715255737305 0.67699998617172241211 0.67400002479553222656 0.67100000381469726562 0.64399999380111694336 0.61000001430511474609 0.58399999141693115234 0.51700001955032348633 0.42199999094009399414 0.38800001144409179688 0.42800000309944152832 0.39199998974800109863 0.23199999332427978516 0.092000000178813934326 0.03599999845027923584 0.016000000759959220886 0 0 0 0 0 0 0 0.010999999940395355225 0.0080000003799796104431 0.0030000000260770320892 0 0 0 0 0 0 0 0 0 0 0 0 0 0 0 0
0.64399999380111694336 0.64600002765655517578 0.62800002098083496094 0.61900001764297485352 0.62800002098083496094 0.64200001955032348633 0.65600001811981201172 0.66799998283386230469 0.67599999904632568359 0.68000000715255737305 0.68199998140335083008 0.68099999427795410156 0.67900002002716064453 0.67699998617172241211 0.67299997806549072266 0.66799998283386230469 0.66799998283386230469 0.66000002622604370117 0.62599998712539672852 0.60199999809265136719 0.62199997901916503906 0.60199999809265136719 0.49500000476837158203 0.38400000333786010742 0.31000000238418579102 0.25400000810623168945 0.2020000070333480835 0.13699999451637268066 0.059000000357627868652 0.012000000104308128357 0 0 0.0020000000949949026108 0.014999999664723873138 0.0099999997764825820923 0 0 0 0 0 0 0 0 0 0 0 0 0 0 0 0 0
0.64399999380111694336 0.64099997282028198242 0.62199997901916503906 0.61599999666213989258 0.62699997425079345703 0.64099997282028198242 0.65499997138977050781 0.66799998283386230469 0.67599999904632568359 0.68099999427795410156 0.68199998140335083008 0.68199998140335083008 0.68000000715255737305 0.67900002002716064453 0.67699998617172241211 0.67599999904632568359 0.67400002479553222656 0.67299997806549072266 0.66900002956390380859 0.66699999570846557617 0.66699999570846557617 0.65799999237060546875 0.63300001621246337891 0.60399997234344482422 0.57499998807907104492 0.54400002956390380859 0.51800000667572021484 0.47499999403953552246 0.38600000739097595215 0.27799999713897705078 0.18099999427795410156 0.10499999672174453735 0.057999998331069946289 0.034000001847743988037 0.013000000268220901489 0 0 0 0 0 0 0 0 0 0.0010000000474974513054 0 0 0 0 0 0 0
0.64300000667572021484 0.63200002908706665039 0.61599999666213989258 0.61400002241134643555 0.625 0.63899999856948852539 0.6539999842643737793 0.66799998283386230469 0.67699998617172241211 0.68099999427795410156 0.68199998140335083008 0.68199998140335083008 0.68099999427795410156 0.67900002002716064453 0.67699998617172241211 0.67500001192092895508 0.67400002479553222656 0.67299997806549072266 0.67100000381469726562 0.67000001668930053711 0.66900002956390380859 0.66500002145767211914 0.65899997949600219727 0.64999997615814208984 0.64499998092651367188 0.65100002288818359375 0.66799998283386230469 0.68099999427795410156 0.65899997949600219727 0.58700001239776611328 0.49700000882148742676 0.40999999642372131348 0.30199998617172241211 0.20100000500679016113 0.11599999666213989258 0.029999999329447746277 0 0 0 0 0 0 0 0 0.0020000000949949026108 0 0 0 0 0 0 0
0.63800001144409179688 0.62300002574920654297 0.61100000143051147461 0.61199998855590820312 0.62400001287460327148 0.63899999856948852539 0.65299999713897705078 0.66699999570846557617 0.67699998617172241211 0.68099999427795410156 0.68199998140335083008 0.68199998140335083008 0.68099999427795410156 0.67900002002716064453 0.67599999904632568359 0.67500001192092895508 0.67400002479553222656 0.67299997806549072266 0.67100000381469726562 0.67100000381469726562 0.67000001668930053711 0.66500002145767211914 0.65899997949600219727 0.65200001001358032227 0.64999997615814208984 0.65899997949600219727 0.67599999904632568359 0.69300001859664916992 0.69199997186660766602 0.67299997806549072266 0.66600000858306884766 0.64800000190734863281 0.57800000905990600586 0.49500000476837158203 0.41600000858306884766 0.31200000643730163574 0.17200000584125518799 0.013000000268220901489 0 0 0 0 0 0 0.0040000001899898052216 0.0010000000474974513054 0 0 0 0 0 0
0.62999999523162841797 0.61400002241134643555 0.60600000619888305664 0.61000001430511474609 0.62300002574920654297 0.63800001144409179688 0.65200001001358032227 0.66699999570846557617 0.67699998617172241211 0.68199998140335083008 0.68199998140335083008 0.68199998140335083008 0.68000000715255737305 0.67699998617172241211 0.67500001192092895508 0.67400002479553222656 0.67400002479553222656 0.67299997806549072266 0.67299997806549072266 0.67299997806549072266 0.67100000381469726562 0.66600000858306884766 0.65899997949600219727 0.6539999842643737793 0.65200001001358032227 0.66000002622604370117 0.67699998617172241211 0.68800002336502075195 0.68000000715255737305 0.67000001668930053711 0.67699998617172241211 0.67299997806549072266 0.6539999842643737793 0.63899999856948852539 0.63099998235702514648 0.60699999332427978516 0.52600002288818359375 0.35699999332427978516 0.14900000393390655518 0.018999999389052391052 0.0010000000474974513054 0.026000000536441802979 0.035000000149011611938 0.030999999493360519409 0.016000000759959220886 0 0 0 0 0 0 0
0.62000000476837158203 0.60399997234344482422 0.60000002384185791016 0.60799998044967651367 0.62199997901916503906 0.63599997758865356445 0.65100002288818359375 0.66600000858306884766 0.67699998617172241211 0.68199998140335083008 0.68199998140335083008 0.68000000715255737305 0.67699998617172241211 0.67500001192092895508 0.67400002479553222656 0.67500001192092895508 0.67400002479553222656 0.67400002479553222656 0.67599999904632568359 0.67500001192092895508 0.67100000381469726562 0.66600000858306884766 0.66000002622604370117 0.65600001811981201172 0.65600001811981201172 0.6620000004768371582 0.67599999904632568359 0.68099999427795410156 0.67100000381469726562 0.67000001668930053711 0.67100000381469726562 0.65700000524520874023 0.64600002765655517578 0.64399999380111694336 0.65700000524520874023 0.68699997663497924805 0.70200002193450927734 0.64399999380111694336 0.50400000810623168945 0.36500000953674316406 0.30399999022483825684 0.27900001406669616699 0.25 0.16500000655651092529 0.048000000417232513428 0 0 0 0 0 0 0
0.61000001430511474609 0.5960000157356262207 0.59500002861022949219 0.60699999332427978516 0.62099999189376831055 0.63599997758865356445 0.65100002288818359375 0.66500002145767211914 0.67699998617172241211 0.68099999427795410156 0.68000000715255737305 0.67699998617172241211 0.67500001192092895508 0.67400002479553222656 0.67400002479553222656 0.67400002479553222656 0.67400002479553222656 0.67400002479553222656 0.67599999904632568359 0.67599999904632568359 0.67199999094009399414 0.66699999570846557617 0.6620000004768371582 0.65899997949600219727 0.66000002622604370117 0.66399997472763061523 0.67400002479553222656 0.67299997806549072266 0.66699999570846557617 0.66699999570846557617 0.65899997949600219727 0.64999997615814208984 0.64999997615814208984 0.65700000524520874023 0.67500001192092895508 0.70599997043609619141 0.72299998998641967773 0.71200001239776611328 0.68199998140335083008 0.62300002574920654297 0.57300001382827758789 0.56000000238418579102 0.5370000004768371582 0.40299999713897705078 0.1729999929666519165 0 0 0 0 0 0 0
0.60799998044967651367 0.60399997234344482422 0.60600000619888305664 0.62000000476837158203 0.63700002431869506836 0.64999997615814208984 0.65799999237060546875 0.66299998760223388672 0.67100000381469726562 0.67799997329711914062 0.67799997329711914062 0.67599999904632568359 0.67400002479553222656 0.67299997806549072266 0.67400002479553222656 0.67400002479553222656 0.67400002479553222656 0.67299997806549072266 0.67400002479553222656 0.67500001192092895508 0.67299997806549072266 0.66799998283386230469 0.66299998760223388672 0.66299998760223388672 0.66399997472763061523 0.66699999570846557617 0.67000001668930053711 0.66699999570846557617 0.66399997472763061523 0.66000002622604370117 0.65499997138977050781 0.65799999237060546875 0.66500002145767211914 0.67299997806549072266 0.69300001859664916992 0.7210000157356262207 0.72899997234344482422 0.71399998664855957031 0.68699997663497924805 0.6470000147819519043 0.63800001144409179688 0.67500001192092895508 0.69300001859664916992 0.63400000333786010742 0.46099999547004699707 0.23000000417232513428 0.07500000298023223877 0 0 0 0 0
0.50099998712539672852 0.53299999237060546875 0.56099998950958251953 0.58200001716613769531 0.61100000143051147461 0.63599997758865356445 0.64200001955032348633 0.64399999380111694336 0.65700000524520874023 0.67100000381469726562 0.67599999904632568359 0.67500001192092895508 0.67400002479553222656 0.67299997806549072266 0.67400002479553222656 0.67400002479553222656 0.67400002479553222656 0.67199999094009399414 0.67199999094009399414 0.67299997806549072266 0.67199999094009399414 0.66900002956390380859 0.66600000858306884766 0.66699999570846557617 0.66799998283386230469 0.66799998283386230469 0.66699999570846557617 0.66399997472763061523 0.66100001335144042969 0.66100001335144042969 0.66600000858306884766 0.67400002479553222656 0.68099999427795410156 0.68900001049041748047 0.70899999141693115234 0.73000001907348632812 0.73100000619888305664 0.71399998664855957031 0.6840000152587890625 0.65200001001358032227 0.65899997949600219727 0.69700002670288085938 0.72399997711181640625 0.73000001907348632812 0.68800002336502075195 0.57300001382827758789 0.4410000145435333252 0.30199998617172241211 0.15000000596046447754 0.043999999761581420898 0.0040000001899898052216 0
0.28299999237060546875 0.29699999094009399414 0.34499999880790710449 0.39500001072883605957 0.45300000905990600586 0.5 0.5289999842643737793 0.54900002479553222656 0.58099997043609619141 0.61799997091293334961 0.63800001144409179688 0.65100002288818359375 0.66500002145767211914 0.67100000381469726562 0.67299997806549072266 0.67199999094009399414 0.67000001668930053711 0.67000001668930053711 0.67100000381469726562 0.67000001668930053711 0.67000001668930053711 0.67000001668930053711 0.66900002956390380859 0.67000001668930053711 0.67000001668930053711 0.66799998283386230469 0.66500002145767211914 0.66399997472763061523 0.66699999570846557617 0.67400002479553222656 0.6840000152587890625 0.69199997186660766602 0.69599997997283935547 0.70399999618530273438 0.72299998998641967773 0.73600000143051147461 0.73100000619888305664 0.7129999995231628418 0.68199998140335083008 0.66399997472763061523 0.68500000238418579102 0.71700000762939453125 0.73100000619888305664 0.73600000143051147461 0.73400002717971801758 0.72899997234344482422 0.70599997043609619141 0.62900000810623168945 0.5 0.38800001144409179688 0.33599999547004699707 0.27799999713897705078
0.12899999320507049561 0.059999998658895492554 0.083999998867511749268 0.13099999725818634033 0.16699999570846557617 0.20100000500679016113 0.25799998641014099121 0.31799998879432678223 0.38699999451637268066 0.46200001239776611328 0.51300001144409179688 0.54199999570846557617 0.57700002193450927734 0.60199999809265136719 0.61500000953674316406 0.62800002098083496094 0.64399999380111694336 0.64999997615814208984 0.64999997615814208984 0.65499997138977050781 0.66399997472763061523 0.66900002956390380859 0.66900002956390380859 0.66900002956390380859 0.66799998283386230469 0.66699999570846557617 0.66600000858306884766 0.67199999094009399414 0.68199998140335083008 0.69199997186660766602 0.70200002193450927734 0.70800000429153442383 0.70999997854232788086 0.71799999475479125977 0.73199999332427978516 0.73699998855590820312 0.73000001907348632812 0.71200001239776611328 0.6840000152587890625 0.68199998140335083008 0.70800000429153442383 0.72699999809265136719 0.73400002717971801758 0.73500001430511474609 0.73400002717971801758 0.73299998044967651367 0.7279999852180480957 0.70499998331069946289 0.67400002479553222656 0.65600001811981201172 0.63499999046325683594 0.57499998807907104492
0.19799999892711639404 0.0080000003799796104431 0 0 0 0 0.014999999664723873138 0.068000003695487976074 0.12600000202655792236 0.19699999690055847168 0.27599999308586120605 0.33399999141693115234 0.38800001144409179688 0.4339999854564666748 0.47400000691413879395 0.5220000147819519043 0.55199998617172241211 0.54199999570846557617 0.52799999713897705078 0.54000002145767211914 0.57599997520446777344 0.62099999189376831055 0.6470000147819519043 0.65799999237060546875 0.66299998760223388672 0.66500002145767211914 0.66799998283386230469 0.68099999427795410156 0.69800001382827758789 0.71100002527236938477 0.71899998188018798828 0.72200000286102294922 0.72200000286102294922 0.72899997234344482422 0.73600000143051147461 0.73600000143051147461 0.73000001907348632812 0.71100002527236938477 0.69199997186660766602 0.70099997520446777344 0.72200000286102294922 0.73000001907348632812 0.73400002717971801758 0.73400002717971801758 0.73400002717971801758 0.73299998044967651367 0.7210000157356262207 0.69199997186660766602 0.67799997329711914062 0.69700002670288085938 0.7129999995231628418 0.69800001382827758789
0.19200000166893005371 0.11999999731779098511 0.12600000202655792236 0.03599999845027923584 0 0 0 0 0 0.019999999552965164185 0.079999998211860656738 0.13799999654293060303 0.18600000441074371338 0.21600000560283660889 0.24799999594688415527 0.29100000858306884766 0.32100000977516174316 0.32600000500679016113 0.33500000834465026855 0.36300000548362731934 0.41100001335144042969 0.48300001025199890137 0.53500002622604370117 0.56400001049041748047 0.58600002527236938477 0.61900001764297485352 0.65100002288818359375 0.67199999094009399414 0.70499998331069946289 0.7279999852180480957 0.73600000143051147461 0.73500001430511474609 0.73400002717971801758 0.73600000143051147461 0.73799997568130493164 0.73600000143051147461 0.7279999852180480957 0.7129999995231628418 0.70499998331069946289 0.71600002050399780273 0.72699999809265136719 0.73199999332427978516 0.73400002717971801758 0.73299998044967651367 0.73400002717971801758 0.73000001907348632812 0.70899999141693115234 0.68300002813339233398 0.68699997663497924805 0.70999997854232788086 0.72000002861022949219 0.70899999141693115234
0.037000000476837158203 0.18000000715255737305 0.33000001311302185059 0.1729999929666519165 0 0 0 0 0 0.014999999664723873138 0.035000000149011611938 0.054000001400709152222 0.064999997615814208984 0.059000000357627868652 0.059000000357627868652 0.075999997556209564209 0.093999996781349182129 0.10199999809265136719 0.11699999868869781494 0.14900000393390655518 0.2060000002384185791 0.29100000858306884766 0.34400001168251037598 0.37599998712539672852 0.42300000786781311035 0.49200001358985900879 0.55199998617172241211 0.58600002527236938477 0.62400001287460327148 0.66799998283386230469 0.71100002527236938477 0.73699998855590820312 0.74000000953674316406 0.73900002241134643555 0.73699998855590820312 0.73400002717971801758 0.72699999809265136719 0.71700000762939453125 0.71600002050399780273 0.72399997711181640625 0.72899997234344482422 0.73199999332427978516 0.73299998044967651367 0.73299998044967651367 0.73400002717971801758 0.72399997711181640625 0.69800001382827758789 0.6840000152587890625 0.69999998807907104492 0.71799999475479125977 0.71799999475479125977 0.69999998807907104492
