map_test.wd
ncols        900
nrows        600
xllcorner    408137.933224999986
yllcorner    490822.791986999975
cellsize     8.000720000000
NODATA_value  -9999
[rows 207 to 229 of 600, columns 104 to 155 of 900]
0.30799999833106994629 0 0 0 0 0 0 0 0 0 0 0 0 0 0 0 0 0 0 0 0 0 0 0 0 0.10599999874830245972 0.27300000190734863281 0.41100001335144042969 0.43799999356269836426 0.43200001120567321777 0.38499999046325683594 0.28999999165534973145 0.14000000059604644775 0 0 0 0 0 0 0 0 0 0.046000000089406967163 0.25200000405311584473 0.39599999785423278809 0.45399999618530273438 0.45199999213218688965 0.44800001382827758789 0.44800001382827758789 0.44999998807907104492 0.44800001382827758789 0.43599998950958251953
0.3819999992847442627 0.14300000667572021484 0 0 0 0 0 0 0 0 0 0 0 0 0 0 0 0 0 0 0 0 0 0 0 0.057000000029802322388 0.2020000070333480835 0.375 0.44600000977516174316 0.44800001382827758789 0.44600000977516174316 0.41100001335144042969 0.28900000452995300293 0.10599999874830245972 0 0 0 0 0 0 0 0 0.0010000000474974513054 0.22200000286102294922 0.37900000810623168945 0.44400000572204589844 0.42599999904632568359 0.38600000739097595215 0.38899999856948852539 0.42800000309944152832 0.4410000145435333252 0.43200001120567321777
0.43500000238418579102 0.3160000145435333252 0 0 0 0 0 0 0 0 0 0 0 0 0 0 0 0 0 0 0 0 0 0 0 0.014000000432133674622 0.14699999988079071045 0.33199998736381530762 0.43900001049041748047 0.44800001382827758789 0.44900000095367431641 0.42599999904632568359 0.34099999070167541504 0.20900000631809234619 0.074000000953674316406 0 0 0 0 0 0 0 0.0010000000474974513054 0.21799999475479125977 0.37599998712539672852 0.43900001049041748047 0.41999998688697814941 0.37000000476837158203 0.37099999189376831055 0.42199999094009399414 0.43999999761581420898 0.41999998688697814941
0.43900001049041748047 0.32600000500679016113 0 0 0 0 0 0 0 0 0 0 0 0 0 0 0 0 0 0 0 0 0 0 0 0 0.10800000280141830444 0.29499998688697814941 0.42500001192092895508 0.44600000977516174316 0.44600000977516174316 0.43200001120567321777 0.37599998712539672852 0.29699999094009399414 0.21400000154972076416 0.097000002861022949219 0 0 0 0 0 0 0.079999998211860656738 0.25799998641014099121 0.39399999380111694336 0.44400000572204589844 0.44400000572204589844 0.43000000715255737305 0.42399999499320983887 0.43999999761581420898 0.44499999284744262695 0.40299999713897705078
0.4339999854564666748 0.34000000357627868652 0 0 0 0 0 0 0 0 0 0 0 0 0 0 0 0 0 0 0 0 0 0 0 0 0.086000002920627593994 0.28600001335144042969 0.42300000786781311035 0.44499999284744262695 0.44400000572204589844 0.43999999761581420898 0.41999998688697814941 0.38100001215934753418 0.32800000905990600586 0.24400000274181365967 0.13899999856948852539 0.043999999761581420898 0 0 0.01799999922513961792 0.10599999874830245972 0.21799999475479125977 0.33899998664855957031 0.42399999499320983887 0.44699999690055847168 0.44900000095367431641 0.44800001382827758789 0.44400000572204589844 0.44400000572204589844 0.43299999833106994629 0.36399999260902404785
0.42599999904632568359 0.35499998927116394043 0 0 0 0 0 0 0 0 0 0 0 0 0 0 0 0 0 0 0 0 0 0 0 0 0.079999998211860656738 0.29800000786781311035 0.43099999427795410156 0.44400000572204589844 0.44600000977516174316 0.44800001382827758789 0.44800001382827758789 0.43599998950958251953 0.40799999237060546875 0.35899999737739562988 0.29300001263618469238 0.22800000011920928955 0.18700000643730163574 0.18500000238418579102 0.22599999606609344482 0.29600000381469726562 0.36199998855590820312 0.41600000858306884766 0.44600000977516174316 0.44900000095367431641 0.44999998807907104492 0.44900000095367431641 0.44800001382827758789 0.44499999284744262695 0.40900000929832458496 0.32199999690055847168
0.45100000500679016113 0.37799999117851257324 0 0 0 0 0 0 0 0 0 0 0 0 0 0 0 0 0 0 0 0 0 0 0 0 0.087999999523162841797 0.31799998879432678223 0.43700000643730163574 0.44699999690055847168 0.44999998807907104492 0.45199999213218688965 0.45300000905990600586 0.45199999213218688965 0.44999998807907104492 0.43299999833106994629 0.39899998903274536133 0.36500000953674316406 0.34499999880790710449 0.34999999403953552246 0.38100001215934753418 0.41800001263618469238 0.44200000166893005371 0.44900000095367431641 0.44999998807907104492 0.45100000500679016113 0.44999998807907104492 0.44999998807907104492 0.44900000095367431641 0.42699998617172241211 0.35600000619888305664 0.28099998831748962402
0.48100000619888305664 0.39899998903274536133 0 0 0 0 0 0 0 0 0 0 0 0 0 0 0 0 0 0 0 0 0 0 0 0 0.11599999666213989258 0.34499999880790710449 0.44499999284744262695 0.45199999213218688965 0.45300000905990600586 0.45199999213218688965 0.44999998807907104492 0.44900000095367431641 0.44800001382827758789 0.44600000977516174316 0.4410000145435333252 0.43099999427795410156 0.42300000786781311035 0.43200001120567321777 0.44900000095367431641 0.45800000429153442383 0.45899999141693115234 0.45399999618530273438 0.45199999213218688965 0.45300000905990600586 0.45300000905990600586 0.45199999213218688965 0.43599998950958251953 0.37700000405311584473 0.29899999499320983887 0.25400000810623168945
0.49599999189376831055 0.42100000381469726562 0 0 0 0 0 0 0 0 0 0 0 0 0 0 0 0 0 0 0 0 0 0 0 0 0.16099999845027923584 0.37900000810623168945 0.45300000905990600586 0.45199999213218688965 0.45100000500679016113 0.44900000095367431641 0.44800001382827758789 0.44600000977516174316 0.44499999284744262695 0.44299998879432678223 0.43599998950958251953 0.42500001192092895508 0.42699998617172241211 0.4410000145435333252 0.45300000905990600586 0.46000000834465026855 0.46200001239776611328 0.45899999141693115234 0.45500001311302185059 0.45500001311302185059 0.4560000002384185791 0.44499999284744262695 0.39599999785423278809 0.31999999284744262695 0.27500000596046447754 0.25499999523162841797
0.51399999856948852539 0.43599998950958251953 0 0 0 0 0 0 0 0 0 0 0 0 0 0 0 0 0 0 0 0 0 0 0 0 0.21600000560283660889 0.40599998831748962402 0.45199999213218688965 0.44999998807907104492 0.44900000095367431641 0.44699999690055847168 0.44499999284744262695 0.44400000572204589844 0.44200000166893005371 0.43999999761581420898 0.42599999904632568359 0.40200001001358032227 0.41100001335144042969 0.43999999761581420898 0.45500001311302185059 0.46000000834465026855 0.46200001239776611328 0.46200001239776611328 0.45899999141693115234 0.4560000002384185791 0.44900000095367431641 0.41600000858306884766 0.35199999809265136719 0.29199999570846557617 0.25799998641014099121 0.23800000548362731934
0.51999998092651367188 0.44400000572204589844 0 0 0 0 0 0 0 0 0 0 0 0 0 0 0 0 0 0 0 0 0 0 0 0.059000000357627868652 0.28400000929832458496 0.43000000715255737305 0.45300000905990600586 0.45199999213218688965 0.45100000500679016113 0.44999998807907104492 0.44800001382827758789 0.44499999284744262695 0.44299998879432678223 0.4339999854564666748 0.38400000333786010742 0.32499998807907104492 0.34400001168251037598 0.4120000004768371582 0.45399999618530273438 0.46000000834465026855 0.46000000834465026855 0.46099999547004699707 0.46099999547004699707 0.44999998807907104492 0.41600000858306884766 0.37400001287460327148 0.33899998664855957031 0.29499998688697814941 0.24799999594688415527 0.2129999995231628418
0.51899999380111694336 0.44699999690055847168 0.0040000001899898052216 0 0 0 0 0 0 0 0 0 0 0 0 0 0 0 0 0 0 0 0 0 0 0.14800000190734863281 0.34299999475479125977 0.44400000572204589844 0.45199999213218688965 0.45300000905990600586 0.45300000905990600586 0.45300000905990600586 0.45300000905990600586 0.45199999213218688965 0.44999998807907104492 0.43599998950958251953 0.3529999852180480957 0.25400000810623168945 0.2720000147819519043 0.37400001287460327148 0.44200000166893005371 0.45300000905990600586 0.45699998736381530762 0.45800000429153442383 0.4560000002384185791 0.42100000381469726562 0.36500000953674316406 0.34599998593330383301 0.34900000691413879395 0.3160000145435333252 0.24799999594688415527 0.2020000070333480835
0.28400000929832458496 0.18299999833106994629 0 0 0 0 0 0 0 0 0 0 0 0 0 0 0 0 0 0 0 0 0 0 0.064999997615814208984 0.22900000214576721191 0.38800001144409179688 0.44600000977516174316 0.44800001382827758789 0.44900000095367431641 0.44999998807907104492 0.45199999213218688965 0.45300000905990600586 0.45399999618530273438 0.45500001311302185059 0.44699999690055847168 0.39199998974800109863 0.31900000572204589844 0.33000001311302185059 0.39800000190734863281 0.43099999427795410156 0.43500000238418579102 0.44200000166893005371 0.44800001382827758789 0.44499999284744262695 0.38899999856948852539 0.33000001311302185059 0.3379999995231628418 0.3680000007152557373 0.37099999189376831055 0.29199999570846557617 0.21199999749660491943
0 0 0 0 0 0 0 0 0 0 0 0 0 0 0 0 0 0 0 0 0 0 0 0 0.13600000739097595215 0.30500000715255737305 0.42300000786781311035 0.44499999284744262695 0.44600000977516174316 0.44800001382827758789 0.44999998807907104492 0.45100000500679016113 0.45300000905990600586 0.45399999618530273438 0.45399999618530273438 0.44999998807907104492 0.43299999833106994629 0.41800001263618469238 0.43000000715255737305 0.44200000166893005371 0.4339999854564666748 0.42300000786781311035 0.42199999094009399414 0.42899999022483825684 0.43299999833106994629 0.38699999451637268066 0.33500000834465026855 0.35600000619888305664 0.40200001001358032227 0.42699998617172241211 0.35899999737739562988 0.24099999666213989258
0 0 0 0 0 0 0 0 0 0 0 0 0 0 0 0 0 0 0 0 0 0 0 0.024000000208616256714 0.17200000584125518799 0.34000000357627868652 0.43799999356269836426 0.44600000977516174316 0.44800001382827758789 0.44900000095367431641 0.45100000500679016113 0.45300000905990600586 0.45300000905990600586 0.45300000905990600586 0.45199999213218688965 0.44699999690055847168 0.43700000643730163574 0.43900001049041748047 0.44900000095367431641 0.44999998807907104492 0.44200000166893005371 0.42599999904632568359 0.4120000004768371582 0.4120000004768371582 0.42500001192092895508 0.39899998903274536133 0.36000001430511474609 0.38299998641014099121 0.42399999499320983887 0.43700000643730163574 0.37400001287460327148 0.25400000810623168945
0 0 0 0 0 0 0 0 0 0 0 0 0 0 0 0 0 0 0 0 0 0 0 0.050999999046325683594 0.18299999833106994629 0.34700000286102294922 0.44200000166893005371 0.44800001382827758789 0.44999998807907104492 0.45100000500679016113 0.45199999213218688965 0.45199999213218688965 0.45100000500679016113 0.44999998807907104492 0.44900000095367431641 0.44400000572204589844 0.43599998950958251953 0.43999999761581420898 0.44999998807907104492 0.44999998807907104492 0.44800001382827758789 0.43599998950958251953 0.4189999997615814209 0.41400000452995300293 0.41499999165534973145 0.40400001406669616699 0.39399999380111694336 0.40400001406669616699 0.42599999904632568359 0.43099999427795410156 0.36199998855590820312 0.24500000476837158203
0 0 0 0 0 0 0 0 0 0 0 0 0 0 0 0 0 0 0 0 0 0 0 0.068000003695487976074 0.18700000643730163574 0.34999999403953552246 0.44600000977516174316 0.44999998807907104492 0.45100000500679016113 0.45100000500679016113 0.44999998807907104492 0.44900000095367431641 0.44800001382827758789 0.44699999690055847168 0.44600000977516174316 0.44200000166893005371 0.43599998950958251953 0.44200000166893005371 0.45100000500679016113 0.44900000095367431641 0.44999998807907104492 0.44600000977516174316 0.42300000786781311035 0.40099999308586120605 0.40299999713897705078 0.41999998688697814941 0.42800000309944152832 0.42599999904632568359 0.42800000309944152832 0.40999999642372131348 0.32499998807907104492 0.22300000488758087158
0 0 0 0 0 0 0 0 0 0 0 0 0 0 0 0 0 0 0 0 0 0 0 0.079999998211860656738 0.20000000298023223877 0.35899999737739562988 0.44800001382827758789 0.44999998807907104492 0.44900000095367431641 0.44800001382827758789 0.44699999690055847168 0.44600000977516174316 0.44499999284744262695 0.44400000572204589844 0.44200000166893005371 0.43900001049041748047 0.43599998950958251953 0.44400000572204589844 0.45300000905990600586 0.44800001382827758789 0.44800001382827758789 0.43099999427795410156 0.39500001072883605957 0.38800001144409179688 0.41499999165534973145 0.4339999854564666748 0.43599998950958251953 0.43500000238418579102 0.43000000715255737305 0.38600000739097595215 0.28000000119209289551 0.20000000298023223877
0 0 0 0 0 0 0 0 0 0 0 0 0 0 0 0 0 0 0 0 0 0 0 0.061999998986721038818 0.20499999821186065674 0.36500000953674316406 0.44699999690055847168 0.44800001382827758789 0.44699999690055847168 0.44499999284744262695 0.44400000572204589844 0.44299998879432678223 0.44200000166893005371 0.4410000145435333252 0.43999999761581420898 0.43599998950958251953 0.43500000238418579102 0.44600000977516174316 0.45500001311302185059 0.44900000095367431641 0.43000000715255737305 0.39100000262260437012 0.37200000882148742676 0.38600000739097595215 0.38299998641014099121 0.36199998855590820312 0.37099999189376831055 0.41100001335144042969 0.42699998617172241211 0.38400000333786010742 0.27399998903274536133 0.19699999690055847168
0 0 0 0 0 0 0 0 0 0 0 0 0 0 0 0 0 0 0 0 0 0 0 0.010999999940395355225 0.17499999701976776123 0.34299999475479125977 0.4410000145435333252 0.44699999690055847168 0.44499999284744262695 0.44299998879432678223 0.4410000145435333252 0.43999999761581420898 0.43900001049041748047 0.43799999356269836426 0.43599998950958251953 0.4339999854564666748 0.43500000238418579102 0.44699999690055847168 0.45500001311302185059 0.43700000643730163574 0.39399999380111694336 0.37200000882148742676 0.375 0.34099999070167541504 0.27099999785423278809 0.21400000154972076416 0.23399999737739562988 0.32899999618530273438 0.40000000596046447754 0.38600000739097595215 0.29199999570846557617 0.20999999344348907471
0.020999999716877937317 0 0 0 0 0 0 0 0 0 0 0 0 0 0 0 0 0 0 0 0 0 0 0 0.11999999731779098511 0.27799999713897705078 0.40900000929832458496 0.44800001382827758789 0.44600000977516174316 0.44299998879432678223 0.43999999761581420898 0.43799999356269836426 0.43599998950958251953 0.43500000238418579102 0.4339999854564666748 0.43200001120567321777 0.43500000238418579102 0.44400000572204589844 0.42899999022483825684 0.38699999451637268066 0.37099999189376831055 0.38600000739097595215 0.36399999260902404785 0.28499999642372131348 0.19200000166893005371 0.12899999320507049561 0.13500000536441802979 0.21999999880790710449 0.32300001382827758789 0.35499998927116394043 0.29800000786781311035 0.21799999475479125977
0.054000001400709152222 0 0 0 0 0 0 0 0 0 0 0 0 0 0 0 0 0 0 0 0 0 0 0 0.046999998390674591064 0.17800000309944152832 0.33399999141693115234 0.43500000238418579102 0.44999998807907104492 0.44699999690055847168 0.44400000572204589844 0.43999999761581420898 0.43700000643730163574 0.4339999854564666748 0.43200001120567321777 0.42899999022483825684 0.42699998617172241211 0.40700000524520874023 0.36399999260902404785 0.34599998593330383301 0.37099999189376831055 0.38100001215934753418 0.33599999547004699707 0.25799998641014099121 0.17399999499320983887 0.11900000274181365967 0.10599999874830245972 0.14499999582767486572 0.2169999927282333374 0.27300000190734863281 0.26499998569488525391 0.20299999415874481201
0.14200000464916229248 0 0 0 0 0 0 0 0 0 0 0 0 0 0 0 0 0 0 0 0 0 0 0 0 0.07199999690055847168 0.23100000619888305664 0.38299998641014099121 0.44999998807907104492 0.45399999618530273438 0.44999998807907104492 0.44600000977516174316 0.44299998879432678223 0.43900001049041748047 0.43500000238418579102 0.41800001263618469238 0.37900000810623168945 0.33000001311302185059 0.3160000145435333252 0.34900000691413879395 0.36000001430511474609 0.31999999284744262695 0.26600000262260437012 0.21099999547004699707 0.15399999916553497314 0.11999999731779098511 0.10700000077486038208 0.11900000274181365967 0.14599999785423278809 0.17700000107288360596 0.18799999356269836426 0.16500000655651092529
